A,B,C,D,E,F,G,H
1.00,0.95,0.90,0.90,0.85,0.85,0.80,0.80 
0.95,1.00,0.88,0.88,0.70,0.70,0.87,0.87 
0.90,0.88,1.00,0.82,0.80,0.80,0.76,0.76 
0.90,0.88,0.82,1.00,0.82,0.82,0.81,0.81 
0.85,0.70,0.80,0.82,1.00,0.95,0.65,0.65 
0.85,0.70,0.80,0.82,0.95,1.00,0.60,0.60
0.80,0.87,0.76,0.81,0.65,0.60,1.00,0.95 
0.80,0.87,0.76,0.81,0.65,0.60,0.95,1.00 
